k scan ll bd1 b0 bs1 br1 s2a sab s2b s2e rho s2z1 s2z2
2 50 -4128.635 -0.385 -77.734 2.284 1.991 55.021 23.478 44.441 0.001 0.562 0.088 0.076
2 100 -3618.98 -0.384 -69.265 1.942 1.612 49.041 28.482 47.974 0.003 0.672 0.084 0.113
2 150 -3108.211 -0.371 -75.779 1.955 2.138 41.153 28.371 55.991 0.007 0.832 0.137 0.159
2 200 -2753.459 -0.343 -72.542 1.889 1.931 41.426 26.261 50.063 0.028 0.939 0.154 0.21
2 250 -2472.363 -0.292 -62.276 1.948 1.31 42.359 28.903 54.992 0.098 0.982 0.239 0.344
2 300 -2255.877 -0.256 -79.71 2.386 1.921 49.746 34.911 52.937 0.258 0.993 0.341 0.392
2 350 -2052.511 -0.231 -54.765 1.596 1.19 43.494 32.235 51.152 0.629 0.997 0.383 0.412
2 400 -1928.256 -0.305 -73.158 2.153 1.689 45.534 31.435 50.122 1.256 0.998 0.417 0.752
2 450 -1928.395 -0.299 -90.255 2.727 2.09 44.614 18.658 40.733 1.324 0.998 0.523 0.515
2 500 -1871.442 -0.326 -75.247 2.029 1.935 44.313 23.897 38.071 1.502 0.999 0.74 0.624
2 550 -1881.713 -0.235 -60.582 1.586 1.396 43.133 24.581 42.738 1.574 0.998 0.697 0.795
2 600 -1894.596 -0.271 -72.53 1.729 2.036 40.683 27.884 56.011 1.223 0.998 0.744 0.724
2 650 -1873.434 -0.27 -58.764 1.439 1.639 43.94 22.771 43.449 1.344 0.998 0.979 1.092
2 700 -1899.627 -0.29 -62.544 1.501 1.708 37.676 21.006 45.798 1.429 0.998 0.458 0.666
2 750 -1896.068 -0.294 -61.641 1.401 1.759 48.997 30.378 54.875 1.423 0.997 0.523 0.813
2 800 -1860.271 -0.214 -79.601 2.037 2.157 32.565 17.572 34.759 1.503 0.996 0.981 0.966
2 850 -1811.834 -0.237 -64.196 1.487 1.748 52.008 35.642 57.546 1.59 0.995 0.705 0.709
2 900 -1851.966 -0.233 -75.855 2.138 1.839 37.131 22.59 48.953 1.307 0.996 0.711 0.883
2 950 -1850.536 -0.271 -58.933 1.545 1.361 31.634 15.167 36.082 1.393 0.996 0.752 1.117
2 1000 -1845.223 -0.184 -78.431 2.126 1.85 48.746 34.74 58.134 1.462 0.997 0.629 1.299
2 1050 -1833.432 -0.246 -83.266 2.077 2.271 36.17 24.026 49.724 1.437 0.996 0.773 1.626
2 1100 -1851.223 -0.171 -72.298 1.601 2.069 33.916 22.108 45.711 1.629 0.997 0.859 1.246
2 1150 -1843.453 -0.247 -72.918 1.981 1.807 45.955 28.141 44.474 1.623 0.996 0.928 0.892
2 1200 -1866.655 -0.219 -64.034 1.985 1.451 32.572 17.429 35.6 1.503 0.996 0.701 1.135
2 1250 -1856.801 -0.24 -62.318 1.544 1.618 36.105 28.147 56.72 1.533 0.996 0.472 1.371
2 1300 -1812.054 -0.31 -75.878 1.869 2.181 44.431 32.61 60.561 1.493 0.995 0.807 1.134
2 1350 -1829.649 -0.274 -76.957 1.927 2.094 32.914 20.828 51.393 2.039 0.997 0.658 0.975
2 1400 -1839.23 -0.267 -80.163 1.998 2.394 38.518 20.417 42.678 1.474 0.996 0.599 1.309
2 1450 -1839.726 -0.284 -59.205 1.425 1.654 32.767 8.81 33.704 1.787 0.996 0.653 1.295
2 1500 -1851.356 -0.291 -51.807 1.063 1.491 42.374 25.557 43.01 1.464 0.995 0.603 1.319
2 1550 -1853.557 -0.328 -47.565 1.211 1.122 39.125 18.359 35.287 1.456 0.994 0.704 1.719
2 1600 -1827.712 -0.252 -55.574 1.387 1.402 32.572 14.428 30.647 1.379 0.995 0.652 1.421
2 1650 -1860.942 -0.213 -60.307 1.526 1.625 30.318 15.315 34.66 1.553 0.996 0.734 1.154
2 1700 -1898.907 -0.272 -75.761 2.126 1.976 32.218 10.84 30.62 1.345 0.994 0.67 1.336
2 1750 -1860.274 -0.221 -53.563 1.289 1.388 31.125 12.112 30.556 1.468 0.995 1.188 1.42
2 1800 -1898.404 -0.304 -47.539 1.202 1.218 32.729 20.426 32.731 1.317 0.994 0.664 1.539
2 1850 -1827.584 -0.316 -60.421 1.648 1.431 33.253 17.077 33.018 1.392 0.995 0.695 2.05
2 1900 -1851.002 -0.237 -71.67 2.055 1.735 26.412 10.936 31.952 1.453 0.996 0.804 1.747
2 1950 -1884.104 -0.31 -44.246 1.257 0.805 39.123 22.081 44.422 1.276 0.995 0.47 1.935
2 2000 -1851.426 -0.235 -63.6 1.912 1.373 28.742 10.6 30.463 1.4 0.995 0.662 1.6
2 2050 -1865.911 -0.267 -67.575 1.793 1.879 34.204 18.881 36.609 1.509 0.997 0.638 1.244
2 2100 -1841.878 -0.273 -59.576 1.611 1.424 31.004 13.735 41.774 1.51 0.995 0.67 1.724
2 2150 -1845.18 -0.192 -67.128 1.972 1.523 26.891 7.015 30.859 1.36 0.995 0.686 1.645
2 2200 -1850.49 -0.262 -52.244 1.765 0.905 26.519 11.569 30.906 1.499 0.996 0.507 1.544
2 2250 -1837.088 -0.229 -54.697 1.614 1.181 31.693 17.42 34.521 1.429 0.996 0.652 1.856
2 2300 -1858.689 -0.252 -55.597 1.317 1.533 26.612 14.547 37.652 1.387 0.995 0.681 1.521
2 2350 -1853.871 -0.256 -56.91 1.53 1.338 21.44 11.709 37.026 1.53 0.996 0.574 1.5
2 2400 -1846.057 -0.269 -48.271 1.202 1.151 25.875 11.39 28.82 1.572 0.996 0.85 1.581
2 2450 -1851.181 -0.288 -57.88 1.671 1.275 24.015 7.371 31.729 1.516 0.997 0.797 1.891
2 2500 -1818.222 -0.221 -56.339 1.396 1.543 28.712 15.509 33.467 1.431 0.997 0.888 2.235
2 2550 -1853.927 -0.3 -69.016 1.927 1.7 26.302 9.601 23.848 1.441 0.997 1.028 1.633
2 2600 -1806.807 -0.3 -59.804 1.564 1.453 37.392 8.647 28.381 1.967 0.997 0.867 1.672
2 2650 -1877.177 -0.241 -67.032 1.918 1.643 25.071 11.855 35.986 1.49 0.996 0.444 1.737
2 2700 -1869.596 -0.23 -63.859 1.978 1.371 29.814 10.451 37.181 1.471 0.996 0.942 1.801
2 2750 -1856.805 -0.28 -60.986 1.894 1.331 21.542 9.964 27.176 1.674 0.996 1.012 2.358
2 2800 -1833.658 -0.288 -59.74 1.76 1.306 31.961 16.381 41.772 1.532 0.995 0.945 1.688
2 2850 -1846.911 -0.265 -61.325 1.754 1.435 27.191 11.838 42.325 1.747 0.995 0.816 1.712
2 2900 -1859.613 -0.286 -57.276 1.821 1.162 26.642 10.216 28.354 1.82 0.994 0.792 1.453
2 2950 -1837.627 -0.27 -61.871 1.829 1.409 24.929 7.335 34.142 1.778 0.993 0.577 1.571
2 3000 -1837.211 -0.198 -48.338 1.433 0.952 25.172 11.931 31.07 1.698 0.993 0.701 1.208
2 3050 -1836.504 -0.298 -63.688 1.677 1.723 24.393 8.025 32.459 1.465 0.992 0.657 1.326
2 3100 -1845.997 -0.321 -62.321 1.601 1.743 23.707 13.13 38.214 1.478 0.992 0.768 1.182
2 3150 -1824.945 -0.328 -61.624 1.348 1.871 27.693 5.659 25.404 1.463 0.991 0.765 1.701
2 3200 -1841.561 -0.247 -69.069 1.956 1.765 20.648 7.42 28.819 1.53 0.99 0.677 1.352
2 3250 -1839.67 -0.246 -42.027 0.939 1.049 24.827 10.156 30.882 1.385 0.988 0.719 1.663
2 3300 -1845.659 -0.237 -41.201 0.802 1.154 25.36 10.117 31.352 1.351 0.986 0.618 1.541
2 3350 -1815.056 -0.271 -49.292 1.061 1.44 23.49 5.316 28.614 1.467 0.988 0.779 1.596
2 3400 -1820.807 -0.235 -47.882 0.959 1.461 19.638 6.363 27.839 1.611 0.989 0.63 1.116
2 3450 -1861.111 -0.245 -68.009 1.62 2.062 28.713 10.916 36.379 1.677 0.988 0.727 1.56
2 3500 -1862.52 -0.279 -32.598 0.946 0.442 21.996 7.175 30.625 1.36 0.986 0.625 2.266
2 3550 -1823.079 -0.307 -40.844 1.007 0.952 25.788 7.481 23.034 1.605 0.988 0.599 1.501
2 3600 -1854.214 -0.288 -48.879 1.338 1.161 23.115 7.197 26.039 1.567 0.99 0.516 1.366
2 3650 -1832.669 -0.232 -46.192 1.225 1.112 22.193 5.678 30.88 1.383 0.989 0.594 1.434
2 3700 -1868.849 -0.274 -58.202 1.712 1.329 25.78 10.799 33.725 1.399 0.986 0.761 1.404
2 3750 -1868.208 -0.267 -65.148 1.474 2.003 19.602 3.239 25.327 1.405 0.99 0.949 1.222
2 3800 -1843.911 -0.236 -45.748 1.026 1.295 23.986 10.595 28.084 1.507 0.99 1.012 1.347
2 3850 -1832.342 -0.192 -42.693 1.156 0.992 26.547 9.856 31.882 1.46 0.986 0.892 1.226
2 3900 -1877.236 -0.256 -54.958 1.502 1.277 26.07 9.169 33.116 1.312 0.984 0.889 1.42
2 3950 -1867.223 -0.268 -40.983 0.936 1.037 22.502 7.343 26.397 1.473 0.985 0.625 1.384
2 4000 -1861.025 -0.241 -44.959 0.986 1.186 18.457 2.166 26.606 1.239 0.985 0.721 1.371
2 4050 -1862.385 -0.197 -52.576 1.26 1.366 24.052 12.421 30.494 1.44 0.986 0.721 1.316
2 4100 -1885.953 -0.228 -43.583 0.979 1.122 23.446 11.852 35.525 1.23 0.985 0.471 1.132
2 4150 -1827.665 -0.233 -50.756 1.331 1.242 18.881 3.545 25.659 1.559 0.987 0.586 1.356
2 4200 -1871.698 -0.33 -29.944 0.747 0.544 21.27 10.626 36.087 1.411 0.988 0.709 1.677
2 4250 -1879.47 -0.26 -48.071 1.357 1.097 28.621 8.731 28.682 1.379 0.986 0.56 1.477
2 4300 -1850.111 -0.24 -60.923 1.805 1.42 20.163 10.653 36.535 1.383 0.987 0.628 1.797
2 4350 -1859.108 -0.207 -52.028 1.658 0.921 24.181 7.881 31.083 1.259 0.988 1.073 2.003
2 4400 -1877.868 -0.278 -43.607 1.342 0.814 21.365 8.421 32.321 1.227 0.987 0.682 2.469
2 4450 -1858.587 -0.188 -49.666 1.339 1.278 21.161 7.768 26.545 1.335 0.989 0.444 1.724
2 4500 -1823.216 -0.246 -39.071 1.092 0.848 18.507 8.238 31.775 1.465 0.986 0.571 1.687
2 4550 -1830.051 -0.274 -44.258 1.276 0.846 25.05 7.282 30.406 1.366 0.985 0.915 1.851
2 4600 -1858.305 -0.242 -44.246 1.122 1.028 24.219 15.054 34.063 1.301 0.986 0.782 1.831
2 4650 -1847.657 -0.152 -48.462 1.138 1.215 26.074 11.776 29.832 1.26 0.985 0.928 1.507
2 4700 -1840.529 -0.173 -49.917 1.415 1.159 23.797 3.325 32.947 1.412 0.986 0.652 2.013
2 4750 -1823.57 -0.256 -42.746 1.017 1.1 18.103 7.392 30.313 1.379 0.979 0.462 1.524
2 4800 -1836.355 -0.284 -33.631 0.48 1.022 19.54 3.146 26.822 1.321 0.979 0.714 1.792
2 4850 -1840.197 -0.197 -30.816 0.766 0.579 18.122 7.715 39.826 1.529 0.987 0.864 1.64
2 4900 -1826.678 -0.27 -53.342 1.497 1.333 22.558 9.102 29.191 1.545 0.987 0.71 1.848
2 4950 -1855.39 -0.282 -31.888 0.664 0.823 19.98 4.773 27.448 1.925 0.988 0.426 1.22
2 5000 -1841.086 -0.244 -48.76 1.097 1.319 22.382 7.142 27.828 1.743 0.986 0.403 1.308
2 5050 -1853.256 -0.245 -34.377 0.681 0.891 24.316 8.982 28.218 1.606 0.984 0.44 1.851
2 5100 -1909.927 -0.279 -45.026 1.164 1.113 27.099 10.493 26.021 1.434 0.981 0.545 1.496
2 5150 -1846.442 -0.221 -49.197 1.352 1.108 21.824 9.236 34.898 1.421 0.976 0.409 1.214
2 5200 -1856.621 -0.286 -36.899 0.893 0.808 23.019 8.973 26.956 1.583 0.977 0.832 1.885
2 5250 -1829.367 -0.275 -48.091 1.161 1.224 23.447 8.685 27.782 1.792 0.978 0.589 1.505
2 5300 -1824.58 -0.209 -34.891 0.735 0.828 27.555 9.143 29.596 1.762 0.976 0.576 1.406
2 5350 -1870.807 -0.211 -51.926 1.164 1.441 20.526 7.629 26.578 1.394 0.969 0.57 1.681
2 5400 -1806.288 -0.282 -48.211 0.917 1.523 23.327 10.404 30.437 1.639 0.977 0.484 1.412
2 5450 -1837.48 -0.257 -31.95 0.599 0.886 24.786 9.361 23.117 1.579 0.97 0.605 1.613
2 5500 -1864.671 -0.308 -59.844 1.497 1.669 19.426 8.284 32.335 1.441 0.97 0.667 1.417
2 5550 -1823.455 -0.274 -38.398 0.882 0.965 20.135 4.049 27.102 1.522 0.979 0.559 1.672
2 5600 -1851.304 -0.25 -53.346 1.349 1.424 22.236 11.077 37.307 1.508 0.984 0.705 1.931
2 5650 -1838.26 -0.254 -43.116 1.206 0.928 19.148 8.922 26.364 1.232 0.984 0.435 1.613
2 5700 -1870.819 -0.283 -51.005 1.282 1.327 24.585 7.097 24.062 1.546 0.982 0.506 1.915
2 5750 -1824.642 -0.285 -39.402 0.835 1.068 19.643 8.41 23.473 1.484 0.977 0.58 1.569
2 5800 -1878.304 -0.228 -56.142 1.304 1.602 27.011 14.08 33.82 1.411 0.977 0.969 1.88
2 5850 -1811.481 -0.24 -46.93 1.194 1.301 29.957 7.417 28.663 1.399 0.976 0.829 2.074
2 5900 -1819.014 -0.227 -50.179 1.261 1.255 24.547 6.923 23.257 1.516 0.982 0.973 1.456
2 5950 -1814.21 -0.234 -47.133 1.096 1.264 26.898 13.078 25.672 1.724 0.988 0.757 1.714
2 6000 -1843.323 -0.24 -54.486 1.48 1.249 21.138 8.653 26.082 1.852 0.993 0.744 1.57
2 6050 -1855.902 -0.176 -50.238 1.292 1.289 23.329 10.028 24.659 1.548 0.991 0.988 1.799
2 6100 -1848.942 -0.293 -44.689 1.119 1.128 27.278 10.909 28.592 1.83 0.992 0.724 1.454
2 6150 -1816.676 -0.223 -41.223 0.892 1.071 27.501 13.006 31.111 1.532 0.991 1.291 1.739
2 6200 -1796.479 -0.27 -46.374 1.128 1.145 27.55 8.065 33.555 1.461 0.992 1.17 1.427
2 6250 -1837.685 -0.316 -51.666 1.349 1.312 21.675 6.691 21.611 1.646 0.994 0.851 1.557
2 6300 -1815.422 -0.215 -56.562 1.415 1.55 25.996 10.963 30.54 1.69 0.995 0.908 1.756
2 6350 -1820.98 -0.201 -48.276 1.094 1.401 23.717 11.272 30.94 1.637 0.995 0.736 2.401
2 6400 -1817.209 -0.259 -48.824 1.438 0.904 23.006 11.711 29.21 1.589 0.995 1.05 1.661
2 6450 -1812.835 -0.268 -52.93 1.357 1.385 21.501 9.542 25.922 1.717 0.993 1.191 1.474
2 6500 -1793.859 -0.275 -50.745 1.348 1.3 24.479 8.893 21.614 2.043 0.993 0.884 1.508
2 6550 -1796.022 -0.196 -40.305 1.149 0.68 19.27 2.584 26.001 2.091 0.995 0.969 1.811
2 6600 -1807.996 -0.232 -38.942 1.102 0.821 23.825 6.398 19.817 1.555 0.993 0.928 1.984
2 6650 -1821.579 -0.232 -48.569 1.513 0.951 27.389 9.791 21.518 1.659 0.992 0.817 1.593
2 6700 -1828.461 -0.199 -49.926 1.235 1.244 23.93 5.534 20.869 1.399 0.992 1.08 1.364
2 6750 -1848.915 -0.168 -34.398 0.755 0.856 22.704 11.436 27.835 1.433 0.992 0.662 1.664
2 6800 -1823.516 -0.192 -50.667 1.152 1.353 22.095 6.416 22.158 1.596 0.99 0.518 1.5
2 6850 -1832.996 -0.227 -49.358 1.206 1.305 22.633 7.593 23.338 1.358 0.987 0.796 1.92
2 6900 -1859.442 -0.233 -49.691 1.386 1.176 22.553 7.167 24.806 1.422 0.987 0.559 2.137
2 6950 -1839.231 -0.184 -47.471 1.32 1.037 20.053 6.023 16.545 1.371 0.981 0.461 1.742
2 7000 -1839.485 -0.114 -56.662 1.637 1.317 21.775 6.785 21.542 1.517 0.985 0.841 2.336
2 7050 -1846.495 -0.261 -43.216 1.072 1.136 19.394 10.996 27.273 1.403 0.98 0.417 1.271
2 7100 -1843.147 -0.245 -57.367 1.328 1.659 25.855 3.4 21.421 1.643 0.979 0.341 1.74
2 7150 -1844.889 -0.254 -52.685 1.167 1.624 19.995 8.128 32.326 1.708 0.978 0.582 1.72
2 7200 -1803.604 -0.183 -49.266 1.338 1.128 23.682 8.926 27.179 1.6 0.973 0.632 1.526
2 7250 -1881.47 -0.278 -44.012 1.074 1.138 21.65 7.883 23.932 1.6 0.977 0.741 1.698
2 7300 -1871.631 -0.245 -43.334 1.208 0.982 20.778 8.665 28.381 1.549 0.97 0.935 1.244
2 7350 -1872.551 -0.219 -41.402 0.999 1.06 26.769 13.417 27.344 1.289 0.973 1.133 1.231
2 7400 -1893.583 -0.199 -52.367 1.408 1.204 22.385 9.362 26.694 1.316 0.968 1.003 1.285
2 7450 -1862.57 -0.232 -49.502 1.155 1.387 29.75 7.653 23.722 1.427 0.976 0.84 1.104
2 7500 -1850.361 -0.25 -47.586 1.158 1.284 21.539 6.572 21.385 1.626 0.979 0.658 1.231
2 7550 -1856.166 -0.2 -34.144 0.664 0.954 19.543 6.082 19.778 1.345 0.971 0.555 1.48
2 7600 -1880.611 -0.192 -49.555 0.949 1.548 21.658 9.822 29.809 1.298 0.974 0.561 0.974
2 7650 -1890.932 -0.29 -36.617 0.818 0.913 21.031 9.727 22.542 1.591 0.976 0.655 1.192
2 7700 -1881.188 -0.286 -53.228 1.604 1.215 26.011 11.312 26.676 1.544 0.967 0.843 0.948
2 7750 -1844.226 -0.295 -43.534 0.961 1.242 20.927 4.09 17.593 1.694 0.971 0.626 1.155
2 7800 -1853.586 -0.249 -61.363 1.367 1.889 19.049 7.704 30.961 1.634 0.972 0.833 1.931
2 7850 -1837.386 -0.272 -53.067 1.397 1.357 29.539 11.877 26.533 1.848 0.971 0.679 2.072
2 7900 -1829.866 -0.25 -46.555 0.903 1.442 24.332 6.14 19.539 1.462 0.973 0.481 1.808
2 7950 -1829.754 -0.285 -43.626 0.961 1.266 20.37 8.588 30.529 1.821 0.986 0.461 1.32
2 8000 -1825.166 -0.257 -38.56 0.749 1.113 25.021 14.316 40.572 1.55 0.981 0.504 1.405
2 8050 -1839.402 -0.225 -48.52 1.217 1.25 20.211 7.142 26.057 1.394 0.977 0.476 1.659
2 8100 -1867.008 -0.309 -48.934 1.137 1.302 23.791 7.743 24.118 1.43 0.98 0.747 1.415
2 8150 -1849.085 -0.28 -34.735 0.658 0.961 19.007 12.085 31.63 1.575 0.983 0.83 1.267
2 8200 -1805.846 -0.237 -47.723 1.135 1.254 19.499 10.702 24.7 1.583 0.985 0.794 0.958
2 8250 -1837.031 -0.215 -34.343 0.721 0.794 22.971 8.981 24.795 1.487 0.984 0.596 0.857
2 8300 -1856.559 -0.262 -37.603 0.921 0.915 20.803 6.183 29.06 1.393 0.971 0.819 1.816
2 8350 -1846.492 -0.211 -54.662 1.451 1.319 24.003 7.186 24.23 1.722 0.98 0.844 1.352
2 8400 -1821.433 -0.35 -50.186 1.52 1.099 26.925 7.461 25.77 1.625 0.983 0.714 1.45
2 8450 -1834.731 -0.288 -52.12 1.569 1.208 23.066 6.317 31.007 1.705 0.982 0.668 1.422
2 8500 -1869.694 -0.276 -52.711 1.292 1.38 26.142 8.504 26.922 1.387 0.981 0.797 1.616
2 8550 -1880.459 -0.303 -48.142 1.403 1.058 23.559 7.183 24.857 1.702 0.984 0.886 1.202
2 8600 -1893.817 -0.336 -48.91 1.042 1.334 26.899 10.843 30.349 1.516 0.982 0.882 1.366
2 8650 -1871.581 -0.31 -48.495 1.152 1.32 21.666 5.816 25.486 1.56 0.985 0.89 1.276
2 8700 -1880.94 -0.247 -51.958 1.173 1.463 20.184 8.173 25.134 1.488 0.983 1.127 0.855
2 8750 -1845.474 -0.32 -54.487 1.119 1.769 18.782 7.542 25.577 2.073 0.989 0.821 0.986
2 8800 -1803.646 -0.293 -59.33 1.348 1.797 26.778 6.12 20.102 1.895 0.987 0.843 0.961
2 8850 -1845.379 -0.264 -42.067 0.737 1.426 22.757 9.517 32.183 1.715 0.984 1.151 0.859
2 8900 -1884.122 -0.215 -60.412 1.395 1.873 24.431 7.071 29.409 1.396 0.978 1.183 0.855
2 8950 -1873.121 -0.239 -64.688 1.657 1.77 26.805 10.618 28.777 1.329 0.986 0.96 1.058
2 9000 -1869.6 -0.252 -58.223 1.658 1.468 20.541 8.679 32.908 1.423 0.982 0.972 0.959
2 9050 -1846.546 -0.176 -51.106 1.274 1.397 29.067 10.821 29.206 1.35 0.982 1.087 1.125
2 9100 -1841.987 -0.247 -48.161 0.956 1.433 25.18 2.035 22.051 1.522 0.986 1.682 0.941
2 9150 -1828.854 -0.175 -40.774 0.91 1.06 20.279 7.792 25.386 1.583 0.983 1.819 0.898
2 9200 -1840.402 -0.2 -45.832 1.161 1.071 18.563 4.839 22.954 1.614 0.988 1.938 0.676
2 9250 -1872.39 -0.222 -42.369 1.103 0.877 32.192 10.16 24.072 1.404 0.984 1.585 0.505
2 9300 -1872.817 -0.25 -51.324 1.102 1.45 23.051 9.944 24.418 1.328 0.981 1.994 0.637
2 9350 -1865.312 -0.296 -58.659 1.518 1.642 23.281 7.104 24.739 1.525 0.983 1.255 0.725
2 9400 -1884.695 -0.223 -54.595 1.593 1.166 21.973 10.181 28.709 1.269 0.982 1.473 0.802
2 9450 -1865.627 -0.266 -50.546 1.426 1.147 26.849 6.916 28.041 1.522 0.985 1.635 0.819
2 9500 -1845.727 -0.311 -45.604 1.305 0.984 19.354 5.159 22.579 1.343 0.984 1.475 0.456
2 9550 -1865.159 -0.252 -39.862 1.089 0.748 25.409 13.894 26.587 1.385 0.981 1.408 0.592
2 9600 -1839.713 -0.313 -49.178 1.482 1.034 23.371 7.626 19.993 1.461 0.984 1.936 0.551
2 9650 -1855.11 -0.227 -48.436 1.341 1.098 20.926 5.124 24.497 1.296 0.983 1.76 0.672
2 9700 -1890.019 -0.221 -42.525 1.024 1.141 21.407 5.829 24.255 1.208 0.982 1.426 0.622
2 9750 -1861.306 -0.19 -46.456 1.325 0.989 26.234 4.695 19.617 1.382 0.985 1.523 0.475
2 9800 -1856.763 -0.26 -44.135 1.004 1.147 20.084 7.519 27.636 1.487 0.987 1.856 0.685
2 9850 -1852.558 -0.196 -53.766 1.416 1.358 23.53 6.555 22.733 1.586 0.988 1.922 0.598
2 9900 -1841.192 -0.198 -43.569 1.039 1.237 33.68 8.111 27.334 1.54 0.984 2.054 0.576
2 9950 -1871.139 -0.259 -48.521 1.2 1.247 19.074 4.907 20.133 1.644 0.984 2.177 0.501
2 10000 -1819.896 -0.287 -28.446 0.631 0.597 25.102 5.718 18.259 1.522 0.985 2.154 0.442
2 10050 -1826.431 -0.252 -51.255 1.39 1.235 24.292 4.609 16.074 1.476 0.985 2.081 0.623
2 10100 -1859.38 -0.201 -33.203 0.82 0.793 26.873 3.21 19.405 1.331 0.981 1.724 1.077
2 10150 -1828.42 -0.228 -41.023 0.773 1.195 26.099 5.869 21.999 1.409 0.984 1.744 0.932
2 10200 -1845.018 -0.216 -35.536 0.773 0.891 22.385 8.204 26.097 1.304 0.984 2.168 0.876
2 10250 -1818.622 -0.238 -44.706 1.23 0.992 27.318 11.343 24.005 1.685 0.982 1.934 0.688
2 10300 -1843.768 -0.155 -42.673 1.09 1.075 28.543 14.66 37.822 1.458 0.984 1.839 0.515
2 10350 -1886.402 -0.174 -34.152 0.674 0.857 22.98 7.961 20.187 1.408 0.985 1.829 0.569
2 10400 -1860.025 -0.203 -38.621 0.71 1.085 29.222 9.582 27.75 1.511 0.985 1.489 0.409
2 10450 -1822.062 -0.253 -50.116 1.257 1.204 27.975 9.222 28.374 1.823 0.987 1.878 0.743
2 10500 -1825.786 -0.215 -73.89 1.827 2.162 21.542 7.769 28.971 1.671 0.989 2.305 0.686
2 10550 -1794.895 -0.266 -46.968 1.163 1.153 31.338 12.815 24.118 1.886 0.99 2.097 0.688
2 10600 -1807.237 -0.243 -41.541 0.831 1.216 21.84 3.404 22.082 1.915 0.992 1.897 0.709
2 10650 -1803.881 -0.287 -46.074 1.152 1.124 23.416 10.775 29.625 1.807 0.991 1.991 0.684
2 10700 -1827.88 -0.321 -48.659 1.27 1.218 18.049 8.776 26.591 1.785 0.992 2.078 0.597
2 10750 -1846.132 -0.178 -40.453 0.777 1.051 28.368 11.417 28.616 1.427 0.991 1.738 0.828
2 10800 -1851.646 -0.241 -31.062 0.807 0.619 27.428 9.521 23.879 1.445 0.991 2.351 0.583
2 10850 -1869.493 -0.228 -37.956 0.783 0.954 22.764 10.705 29.349 1.378 0.99 1.527 0.653
2 10900 -1843.095 -0.183 -33.941 0.808 0.778 28.964 13.895 32.769 1.487 0.985 1.417 0.809
2 10950 -1883.739 -0.248 -36.676 0.897 0.802 25.122 7.362 21.782 1.476 0.984 1.453 0.627
2 11000 -1862.073 -0.231 -36.876 0.876 0.82 23.994 10.383 23.335 1.304 0.982 1.209 0.52
2 11050 -1891.233 -0.311 -34.46 0.878 0.668 24.96 7.738 23.317 1.232 0.978 1.449 0.424
2 11100 -1878.91 -0.292 -51.057 1.524 1.311 22.622 10.693 28.647 1.365 0.977 1.367 0.729
2 11150 -1865.409 -0.224 -43.515 1.271 0.851 29.994 11.995 24.69 1.21 0.972 1.867 0.73
2 11200 -1846.154 -0.114 -53.666 1.503 1.194 32.544 8.429 20.018 1.331 0.973 1.528 1.015
2 11250 -1850.568 -0.227 -34.738 0.756 0.853 23.191 6.587 29.443 1.341 0.98 2.021 0.908
2 11300 -1834.264 -0.151 -36.614 0.866 0.917 28.601 10.903 20.582 1.506 0.984 1.921 0.66
2 11350 -1856.537 -0.235 -51.087 1.259 1.378 27.77 4.797 21.061 1.44 0.983 1.812 0.783
2 11400 -1815.265 -0.215 -45.105 0.915 1.327 23.422 5.643 22.809 1.583 0.979 2.137 0.717
2 11450 -1823.694 -0.26 -22.463 0.222 0.51 31.057 11.096 23.999 1.546 0.976 1.654 0.476
2 11500 -1841.303 -0.183 -32.705 0.614 0.865 29.18 9.897 26.546 1.611 0.978 1.823 0.673
2 11550 -1841.166 -0.187 -50.521 1.117 1.475 30.477 11.807 22.103 1.601 0.984 1.387 1.133
2 11600 -1843.709 -0.251 -51.855 1.141 1.484 35.078 7.518 19.302 1.741 0.988 1.839 0.823
2 11650 -1901.612 -0.278 -52.291 1.186 1.49 25.756 5.174 19.179 1.384 0.986 2.05 0.843
2 11700 -1876.78 -0.286 -42.827 1.283 0.893 31.967 5.601 20.652 1.367 0.988 1.855 0.947
2 11750 -1875.331 -0.324 -53.096 1.606 1.129 22.733 7.72 19.14 1.539 0.991 1.5 1.044
2 11800 -1851.156 -0.3 -37.536 1.07 0.76 26.608 11.131 27.729 1.515 0.994 1.565 0.884
2 11850 -1878.819 -0.328 -50.724 1.608 1.002 19.326 4.555 25.223 1.535 0.993 1.525 0.71
2 11900 -1895.498 -0.174 -52.776 1.693 1.054 33.604 7.637 20.065 1.275 0.993 1.651 0.874
2 11950 -1881.179 -0.213 -48.511 1.439 0.914 35.36 10.037 21.482 1.125 0.992 1.626 0.938
2 12000 -1841.726 -0.241 -40.065 0.816 1.103 23.511 7.186 26.323 1.426 0.995 1.885 0.994
2 12050 -1842.222 -0.226 -50.505 1.092 1.42 21.615 8.508 23.002 1.615 0.994 2.087 0.928
2 12100 -1842.563 -0.219 -51.061 1.413 1.21 23.268 5.414 19.738 1.627 0.994 2.139 0.644
2 12150 -1844.987 -0.218 -43.872 1.004 1.097 21.533 3.634 22.639 1.344 0.994 2.675 0.841
2 12200 -1821.813 -0.252 -43.517 1.104 1.094 38.149 10.15 25.444 1.886 0.994 2.615 0.635
2 12250 -1814.803 -0.236 -46.402 1.229 1.13 27.661 10.648 22.741 1.862 0.991 2.114 0.395
2 12300 -1856.508 -0.195 -53.064 1.38 1.272 22.969 7.334 26.352 1.83 0.991 1.945 0.578
2 12350 -1831.825 -0.2 -43.932 1.175 0.972 23.468 9.278 21.422 1.772 0.991 1.879 0.572
2 12400 -1846.562 -0.216 -31.754 0.874 0.552 23.399 6.925 23.275 1.633 0.991 1.254 0.576
2 12450 -1831.186 -0.255 -53.741 1.571 1.159 31.565 11.685 25.437 1.373 0.987 1.751 0.609
2 12500 -1844.407 -0.173 -51.897 1.542 1.118 25.678 8.813 23.581 1.547 0.988 1.872 0.613
2 12550 -1853.724 -0.23 -56.579 1.36 1.529 25.282 8.141 26.089 1.385 0.988 1.337 0.431
2 12600 -1825.139 -0.219 -49.276 1.103 1.288 22.318 7.918 22.304 1.57 0.987 2.27 0.499
2 12650 -1823.695 -0.253 -55.609 1.471 1.385 20.673 2.673 21.528 1.494 0.984 1.867 0.557
2 12700 -1826.389 -0.278 -58.422 1.62 1.432 25.427 8.59 19.571 1.586 0.983 1.741 0.636
2 12750 -1800.575 -0.227 -50.986 1.22 1.322 27.477 8.789 21.272 1.319 0.982 1.767 0.525
2 12800 -1847.846 -0.271 -54.276 1.607 1.283 24.905 5.424 18.639 1.564 0.984 1.303 0.577
2 12850 -1837.184 -0.277 -48.403 1.521 0.961 27.799 2.292 24.829 1.441 0.984 1.598 0.606
2 12900 -1874.03 -0.267 -56.727 1.595 1.375 19.839 3.256 15.924 1.449 0.983 1.88 0.643
2 12950 -1863.563 -0.259 -54.612 1.421 1.454 24.7 9.826 21.211 1.272 0.982 2.112 0.715
2 13000 -1815.269 -0.238 -58.381 1.382 1.715 25.13 10.497 22.199 1.469 0.987 2.287 0.523
2 13050 -1888.492 -0.239 -50.608 1.068 1.437 35.075 10.483 25.353 1.289 0.984 2.023 0.525
2 13100 -1860.073 -0.303 -51.365 1.165 1.471 29.977 8.067 18.929 1.431 0.988 2.19 0.433
2 13150 -1864.711 -0.221 -45.515 0.903 1.35 21.938 7.784 19.217 1.469 0.989 2.299 0.495
2 13200 -1862.969 -0.246 -64.476 1.622 1.731 21.799 6.149 20.207 1.673 0.991 1.714 0.467
2 13250 -1820.719 -0.293 -56.483 1.354 1.652 20.578 7.836 23.297 1.475 0.988 1.846 0.411
2 13300 -1873.047 -0.269 -46.066 0.98 1.325 27.029 4.327 15.839 1.51 0.985 1.695 0.337
2 13350 -1864.737 -0.245 -48.705 1.271 1.178 24.609 8.079 27.693 1.511 0.983 1.667 0.437
2 13400 -1891.001 -0.296 -41.941 0.857 1.301 25.618 7.143 17.581 1.572 0.987 1.582 0.562
2 13450 -1862.415 -0.207 -56.121 1.32 1.621 31.633 6.764 23.162 1.708 0.986 1.235 0.578
2 13500 -1822.7 -0.231 -44.533 1.008 1.235 22.051 5.265 24.477 1.798 0.987 1.924 0.81
2 13550 -1851.608 -0.231 -42.578 0.841 1.146 30.556 5.373 20.749 1.416 0.986 1.841 0.646
2 13600 -1818.443 -0.206 -50.904 0.957 1.62 22.591 9.019 25.49 1.484 0.99 1.85 0.741
2 13650 -1869.194 -0.244 -54.664 1.236 1.56 31.48 4.594 18.476 1.381 0.988 1.38 0.785
2 13700 -1878.479 -0.262 -54.91 1.404 1.453 24.248 7.336 27.654 1.347 0.989 1.492 0.717
2 13750 -1882.365 -0.176 -44.892 0.999 1.223 24.764 6.699 19.743 1.386 0.987 1.688 0.795
2 13800 -1791.993 -0.253 -46.854 1.047 1.334 22.198 6.264 18.13 1.588 0.988 1.684 0.707
2 13850 -1867.965 -0.224 -49.88 1.121 1.386 21.037 9.333 18.519 1.512 0.985 1.634 0.739
2 13900 -1835.129 -0.227 -50.323 1.203 1.344 18.994 7.882 22.954 1.522 0.988 1.403 0.631
2 13950 -1824.727 -0.223 -47.019 1.115 1.227 27.774 8.965 23.697 1.52 0.99 1.667 0.951
2 14000 -1807.514 -0.308 -46.659 1.032 1.355 21.532 4.354 20.467 1.505 0.989 1.789 0.845
2 14050 -1824.442 -0.202 -39.793 0.999 0.938 23.932 4.231 18.233 1.32 0.988 1.761 0.621
2 14100 -1877.838 -0.225 -47.766 1.519 0.961 26.409 3.704 17.357 1.199 0.986 1.454 0.316
2 14150 -1866.857 -0.227 -37.595 0.906 0.906 21.005 6.459 20.628 1.318 0.986 1.783 0.583
2 14200 -1835.323 -0.203 -38.737 0.941 0.984 24.73 6.337 20.396 1.45 0.984 2.056 0.518
2 14250 -1847.282 -0.259 -32.049 0.979 0.538 24.115 5.399 23.24 1.617 0.982 1.771 0.359
2 14300 -1841.106 -0.252 -33.759 0.784 0.852 23.567 4.357 17.948 1.552 0.986 1.531 0.414
2 14350 -1848.212 -0.287 -46.123 0.938 1.269 17.228 3.987 25.41 1.484 0.985 1.397 0.452
2 14400 -1861.449 -0.236 -43.002 0.956 1.141 25.487 7.153 21.051 1.427 0.982 1.855 0.51
2 14450 -1867.164 -0.262 -44.24 1.041 1.188 22.407 6.735 21.245 1.428 0.981 1.688 0.475
2 14500 -1848.91 -0.256 -52.362 1.537 1.201 28.811 7.415 27.076 1.358 0.983 1.466 1.04
2 14550 -1830.477 -0.231 -50.402 1.268 1.265 24.007 8.405 23.01 1.313 0.984 1.351 0.705
2 14600 -1858.093 -0.263 -35.015 0.679 0.955 31.253 14.16 27.251 1.38 0.986 1.755 0.67
2 14650 -1873.758 -0.242 -39.837 0.984 0.975 21.561 8.757 31.889 1.44 0.981 1.606 0.591
2 14700 -1860.326 -0.25 -50.877 1.332 1.359 22.54 6.191 24.767 1.512 0.984 1.352 0.712
2 14750 -1873.82 -0.24 -42.44 1.175 0.938 19.961 8.335 25.425 1.461 0.987 1.365 1.003
2 14800 -1884.193 -0.245 -40.114 1.002 0.928 26.804 9.089 20.365 1.484 0.986 1.304 0.68
2 14850 -1857.119 -0.262 -39.582 0.925 0.91 24.63 7.552 24.124 1.466 0.987 1.533 0.537
2 14900 -1850.81 -0.293 -35.497 0.848 0.865 21.541 2.918 21.595 1.483 0.99 1.402 0.445
2 14950 -1837.594 -0.248 -39.364 0.83 1.119 19.066 2.893 22.409 1.606 0.988 1.13 0.566
2 15000 -1843.397 -0.277 -46.673 1.146 1.215 17.688 6.482 18.431 1.624 0.989 1.434 0.696
2 15050 -1843.404 -0.236 -44.555 1.145 1.064 23.463 6.046 18.905 1.407 0.985 1.224 0.793
2 15100 -1873.844 -0.22 -55.697 1.447 1.38 20.89 5.405 24.813 1.318 0.984 1.124 0.617
2 15150 -1863.76 -0.268 -50.611 1.325 1.336 26.133 11.621 25.922 1.401 0.98 1.009 0.69
2 15200 -1862.308 -0.257 -41.24 1.004 0.992 17.056 5.182 24.31 1.417 0.977 1.438 0.478
2 15250 -1867.998 -0.255 -49.041 1.423 1.107 21.448 7.056 18.432 1.414 0.975 0.75 0.628
2 15300 -1832.159 -0.286 -51.095 1.555 1.062 19.916 7.628 22.442 1.448 0.973 0.994 0.451
2 15350 -1834.287 -0.274 -32.721 0.692 0.775 22.072 8.65 19.261 1.66 0.979 1.164 0.472
2 15400 -1829.013 -0.239 -61.486 1.709 1.57 24.275 6.16 24.44 1.654 0.981 0.94 0.515
2 15450 -1932.684 -0.249 -50.42 1.231 1.385 19.155 5.213 20.073 1.402 0.974 1.049 0.532
2 15500 -1923.253 -0.195 -61.534 1.59 1.763 18.163 4.793 23.173 1.305 0.972 1.522 0.773
2 15550 -1914.073 -0.23 -55.392 1.344 1.535 26.144 3.527 24.357 1.3 0.979 1.433 0.89
2 15600 -1900.145 -0.288 -36.88 0.549 1.121 26.92 9.956 23.748 1.217 0.982 1.38 0.498
2 15650 -1870.781 -0.321 -57.309 1.23 1.787 20.109 6.37 20.339 1.536 0.983 1.403 0.605
2 15700 -1889.008 -0.235 -59.367 1.542 1.602 24.739 9.284 21.379 1.588 0.987 1.57 0.541
2 15750 -1825.538 -0.249 -52.141 1.341 1.309 25.559 5.348 28.807 1.298 0.982 1.43 0.495
2 15800 -1880.017 -0.296 -28.561 0.696 0.543 27.408 13.051 29.134 1.413 0.983 1.561 0.368
2 15850 -1888.252 -0.28 -49.592 1.434 1.056 21.068 10.509 32.166 1.447 0.983 1.267 0.463
2 15900 -1820.292 -0.282 -58.687 1.49 1.604 17.178 4.182 17.821 1.77 0.983 1.064 0.591
2 15950 -1843.042 -0.26 -67.19 2.059 1.508 27.804 6.483 27.604 1.671 0.978 1.773 0.493
2 16000 -1855.899 -0.285 -63.33 1.83 1.523 27.099 1.498 23.54 1.582 0.98 1.366 0.55
2 16050 -1873.017 -0.238 -37.013 0.845 0.944 25.024 6.547 26.307 1.451 0.977 1.52 0.719
2 16100 -1829.953 -0.252 -44.698 1.393 0.862 19.669 3.907 22.614 1.521 0.98 1.448 0.883
2 16150 -1813.641 -0.196 -55.127 1.709 1.187 23.184 7.84 22.942 1.789 0.983 1.463 0.423
2 16200 -1860.291 -0.255 -59.842 1.673 1.473 28.347 9.559 16.46 1.364 0.975 1.165 0.434
2 16250 -1851.884 -0.279 -24.992 0.337 0.798 28.809 5.717 13.589 1.46 0.981 1.69 0.492
2 16300 -1856.433 -0.244 -29.799 0.618 0.68 20.663 11.901 29.789 1.524 0.977 1.199 0.461
2 16350 -1849.281 -0.289 -51.923 1.295 1.44 27.564 8.783 20.759 1.458 0.981 1.234 0.393
2 16400 -1866.08 -0.268 -47.127 1.26 1.222 23.249 6.861 19.731 1.498 0.984 1.342 0.665
2 16450 -1876.54 -0.245 -52.82 1.187 1.653 23.958 7.407 22.106 1.343 0.98 1.166 0.856
2 16500 -1843.032 -0.22 -44.55 0.77 1.42 27.744 4.296 20.062 1.456 0.978 0.979 1.172
2 16550 -1845.024 -0.252 -56.029 1.362 1.557 23.703 9.568 23.039 1.282 0.98 1.082 1.261
2 16600 -1891.041 -0.171 -48.57 1.115 1.408 22.978 -0.401 21.888 1.095 0.972 1.358 0.896
2 16650 -1871.341 -0.178 -43.313 1.041 1.115 21.478 4.057 19.007 1.516 0.981 1.143 0.897
2 16700 -1830.772 -0.235 -40.46 0.907 1.102 24.449 5.846 16.473 1.569 0.983 1.177 0.745
2 16750 -1857.467 -0.253 -51.762 1.198 1.539 19.752 4.033 16.851 1.53 0.985 1.217 0.969
2 16800 -1854.536 -0.282 -41.044 0.961 1.052 34.265 11.086 22.962 1.408 0.983 1.068 0.926
2 16850 -1821.676 -0.294 -32.584 0.714 0.735 22.873 5.052 17.091 1.78 0.982 1.522 0.927
