k scan ll b0 s2a s2e s2z1 s2z2
2 2 -959877.948 0.579 0.007 0.001 0.115 0.04
2 4 -964067.268 0.536 0.009 0.001 0.119 0.034
2 6 -957524.965 0.558 0.008 0.001 0.115 0.041
2 8 -1004570.987 0.551 0.008 0.001 0.111 0.037
2 10 -979233.042 0.563 0.009 0.001 0.107 0.031
2 12 -981037.848 0.55 0.008 0.001 0.098 0.043
2 14 -1013692.225 0.521 0.007 0.001 0.101 0.04
2 16 -975471.335 0.579 0.007 0.001 0.107 0.04
2 18 -977705.978 0.573 0.008 0.001 0.106 0.039
2 20 -980735.734 0.575 0.008 0.001 0.1 0.035
2 22 -976467.728 0.59 0.009 0.001 0.106 0.033
2 24 -971730.786 0.561 0.011 0.001 0.144 0.036
2 26 -984111.873 0.591 0.007 0.001 0.117 0.036
2 28 -992545.77 0.564 0.009 0.001 0.104 0.031
2 30 -1012989.734 0.563 0.009 0.001 0.127 0.035
2 32 -973976.534 0.545 0.007 0.001 0.12 0.03
2 34 -979482.855 0.553 0.009 0.001 0.112 0.037
2 36 -969248.044 0.565 0.008 0.001 0.136 0.044
2 38 -1003777.602 0.562 0.009 0.001 0.104 0.027
2 40 -998966.898 0.583 0.01 0.001 0.098 0.043
2 42 -960382.952 0.583 0.009 0.001 0.096 0.035
2 44 -982575.174 0.526 0.008 0.001 0.112 0.031
2 46 -1011274.372 0.534 0.008 0.001 0.101 0.038
2 48 -970454.071 0.576 0.007 0.001 0.111 0.04
2 50 -979571.75 0.581 0.008 0.001 0.106 0.037
2 52 -973878.467 0.567 0.008 0.001 0.142 0.033
2 54 -970606.05 0.572 0.009 0.001 0.145 0.036
2 56 -982309.042 0.572 0.008 0.001 0.084 0.033
2 58 -974639.156 0.551 0.009 0.001 0.101 0.031
2 60 -991567.486 0.547 0.007 0.001 0.105 0.03
2 62 -950653.78 0.566 0.01 0.001 0.126 0.038
2 64 -993342.952 0.555 0.007 0.001 0.072 0.037
2 66 -954041.18 0.573 0.009 0.001 0.094 0.042
2 68 -965173.408 0.573 0.01 0.001 0.094 0.039
2 70 -957045.168 0.561 0.008 0.001 0.108 0.034
2 72 -994692.644 0.555 0.007 0.001 0.12 0.044
2 74 -983796.441 0.556 0.007 0.001 0.111 0.032
2 76 -1003810.041 0.55 0.007 0.001 0.109 0.032
2 78 -964559.434 0.565 0.007 0.001 0.112 0.035
2 80 -984297.882 0.542 0.006 0.001 0.134 0.038
2 82 -988838.787 0.584 0.007 0.001 0.094 0.033
2 84 -965102.817 0.531 0.007 0.001 0.099 0.04
2 86 -972137.27 0.543 0.008 0.001 0.116 0.035
2 88 -957086.448 0.544 0.007 0.001 0.095 0.037
2 90 -981383.201 0.58 0.007 0.001 0.109 0.036
2 92 -959601.998 0.54 0.006 0.001 0.116 0.035
2 94 -999668.968 0.561 0.008 0.001 0.114 0.036
2 96 -1006283.411 0.569 0.006 0.001 0.107 0.039
2 98 -975375.049 0.595 0.007 0.001 0.116 0.045
2 100 -938403.148 0.54 0.007 0.001 0.118 0.036
2 102 -980352.684 0.556 0.01 0.001 0.121 0.039
2 104 -995631.212 0.573 0.007 0.001 0.102 0.038
2 106 -972065.667 0.545 0.008 0.001 0.085 0.035
2 108 -1001544.082 0.553 0.007 0.001 0.108 0.03
2 110 -965862.485 0.57 0.007 0.001 0.106 0.037
2 112 -1005610.694 0.555 0.007 0.001 0.108 0.036
2 114 -971273.257 0.562 0.007 0.001 0.108 0.04
2 116 -987206.453 0.545 0.009 0.001 0.102 0.036
2 118 -929410.448 0.544 0.007 0.001 0.098 0.037
2 120 -970297.564 0.536 0.009 0.001 0.115 0.029
2 122 -979685.846 0.543 0.006 0.001 0.099 0.035
2 124 -954575.874 0.559 0.008 0.001 0.124 0.041
2 126 -971145.497 0.54 0.008 0.001 0.118 0.036
2 128 -977956.461 0.576 0.006 0.001 0.13 0.042
2 130 -965297.969 0.536 0.006 0.001 0.1 0.036
2 132 -974718.071 0.571 0.006 0.001 0.108 0.038
2 134 -975974.06 0.547 0.008 0.001 0.095 0.044
2 136 -973331.24 0.556 0.007 0.001 0.092 0.038
2 138 -951436.018 0.545 0.008 0.001 0.125 0.04
2 140 -971854.783 0.544 0.007 0.001 0.1 0.038
2 142 -956338.463 0.546 0.007 0.001 0.084 0.038
2 144 -969555.31 0.568 0.006 0.001 0.109 0.042
2 146 -965255.637 0.586 0.007 0.001 0.11 0.041
2 148 -986595.17 0.552 0.007 0.001 0.113 0.038
2 150 -965642.049 0.566 0.006 0.001 0.11 0.041
2 152 -965739.195 0.571 0.009 0.001 0.116 0.036
2 154 -954542.439 0.548 0.007 0.001 0.109 0.033
2 156 -974604.673 0.538 0.006 0.001 0.131 0.038
2 158 -977811.573 0.58 0.007 0.001 0.117 0.035
2 160 -975198.393 0.567 0.007 0.001 0.112 0.04
2 162 -993631.454 0.574 0.008 0.001 0.11 0.033
2 164 -958059.032 0.554 0.009 0.001 0.114 0.042
2 166 -981641.454 0.565 0.008 0.001 0.113 0.029
2 168 -965153.76 0.583 0.007 0.001 0.115 0.045
2 170 -992477.645 0.529 0.008 0.001 0.103 0.035
2 172 -980197.256 0.569 0.006 0.001 0.117 0.036
2 174 -949197.637 0.561 0.008 0.001 0.106 0.046
2 176 -986158.076 0.565 0.007 0.001 0.106 0.037
2 178 -966392.511 0.568 0.007 0.001 0.139 0.04
2 180 -986666.633 0.546 0.007 0.001 0.113 0.036
2 182 -964557.874 0.558 0.007 0.001 0.147 0.035
2 184 -974806.289 0.54 0.007 0.001 0.104 0.041
2 186 -976173.695 0.546 0.008 0.001 0.094 0.039
2 188 -954251.175 0.566 0.009 0.001 0.121 0.036
2 190 -963361.706 0.53 0.007 0.001 0.096 0.035
2 192 -969003.811 0.573 0.007 0.001 0.118 0.04
2 194 -986791.885 0.544 0.006 0.001 0.116 0.043
2 196 -967115.396 0.562 0.008 0.001 0.131 0.047
2 198 -941227.841 0.537 0.007 0.001 0.122 0.042
2 200 -953130.008 0.567 0.007 0.001 0.125 0.033
2 202 -975728.767 0.573 0.008 0.001 0.114 0.042
2 204 -946379.93 0.542 0.008 0.001 0.134 0.037
2 206 -955598.37 0.561 0.009 0.001 0.106 0.039
2 208 -948907.21 0.516 0.006 0.001 0.105 0.043
2 210 -955822.855 0.576 0.008 0.001 0.117 0.051
2 212 -953964.642 0.542 0.006 0.001 0.12 0.047
2 214 -962836.155 0.576 0.009 0.001 0.127 0.042
2 216 -962670.575 0.576 0.006 0.001 0.099 0.038
2 218 -951604.232 0.561 0.006 0.001 0.116 0.036
2 220 -973420.153 0.56 0.009 0.001 0.154 0.037
2 222 -984551.534 0.567 0.006 0.001 0.122 0.042
2 224 -1006269.745 0.546 0.007 0.001 0.112 0.039
2 226 -979521.354 0.549 0.008 0.001 0.099 0.041
2 228 -966281.558 0.551 0.007 0.001 0.106 0.033
2 230 -990899.395 0.553 0.007 0.001 0.097 0.042
2 232 -971908.569 0.562 0.007 0.001 0.099 0.03
2 234 -970391.792 0.534 0.006 0.001 0.113 0.041
2 236 -942934.064 0.522 0.009 0.001 0.132 0.034
2 238 -1015807.002 0.538 0.007 0.001 0.135 0.034
2 240 -969309.894 0.549 0.008 0.001 0.118 0.04
2 242 -957835.804 0.587 0.007 0.001 0.11 0.035
2 244 -1013435.446 0.564 0.006 0.001 0.118 0.042
2 246 -992048.925 0.567 0.007 0.001 0.124 0.039
2 248 -958461.062 0.567 0.008 0.001 0.1 0.035
2 250 -985297.253 0.598 0.007 0.001 0.104 0.037
2 252 -967631.926 0.574 0.008 0.001 0.119 0.029
2 254 -954316.17 0.567 0.008 0.001 0.127 0.041
2 256 -971473.854 0.568 0.008 0.001 0.12 0.04
2 258 -952950.233 0.554 0.008 0.001 0.126 0.04
2 260 -993827.356 0.544 0.006 0.001 0.118 0.04
2 262 -940687.21 0.572 0.008 0.001 0.146 0.038
2 264 -964749.615 0.549 0.008 0.001 0.096 0.028
2 266 -940776.26 0.573 0.008 0.001 0.12 0.039
2 268 -983846.941 0.572 0.007 0.001 0.122 0.038
2 270 -971369.246 0.539 0.008 0.001 0.107 0.035
2 272 -961091.386 0.566 0.009 0.001 0.124 0.036
2 274 -934483.47 0.56 0.007 0.001 0.138 0.035
2 276 -965906.235 0.536 0.007 0.001 0.119 0.036
2 278 -983310.532 0.557 0.007 0.001 0.101 0.037
2 280 -970449.698 0.544 0.006 0.001 0.127 0.035
2 282 -997820.729 0.552 0.007 0.001 0.096 0.031
2 284 -982081.47 0.547 0.008 0.001 0.131 0.038
2 286 -985110.614 0.538 0.008 0.001 0.112 0.039
2 288 -983522.199 0.556 0.008 0.001 0.105 0.031
2 290 -935064.188 0.558 0.008 0.001 0.107 0.036
2 292 -971311.999 0.545 0.008 0.001 0.109 0.033
2 294 -983718.976 0.551 0.007 0.001 0.129 0.036
2 296 -981261.893 0.566 0.007 0.001 0.114 0.035
2 298 -964915.957 0.557 0.006 0.001 0.102 0.042
2 300 -967511.258 0.538 0.008 0.001 0.112 0.04
2 302 -972307.928 0.531 0.007 0.001 0.125 0.034
2 304 -940880.909 0.574 0.007 0.001 0.135 0.035
2 306 -933675.038 0.569 0.007 0.001 0.1 0.032
2 308 -943998.318 0.519 0.009 0.001 0.088 0.039
2 310 -979288.347 0.586 0.007 0.001 0.105 0.032
2 312 -963782.631 0.549 0.005 0.001 0.106 0.036
2 314 -944820.172 0.554 0.006 0.001 0.085 0.036
2 316 -972327.131 0.593 0.008 0.001 0.12 0.037
2 318 -936131.972 0.53 0.007 0.001 0.097 0.032
2 320 -958794.725 0.531 0.007 0.001 0.128 0.042
2 322 -968984.252 0.545 0.005 0.001 0.098 0.036
2 324 -972181.731 0.556 0.006 0.001 0.111 0.029
2 326 -988496.998 0.589 0.007 0.001 0.097 0.032
2 328 -986268.183 0.578 0.007 0.001 0.127 0.034
2 330 -978475.557 0.592 0.007 0.001 0.112 0.04
2 332 -995495.189 0.555 0.007 0.001 0.103 0.031
2 334 -959488.955 0.533 0.007 0.001 0.108 0.033
2 336 -947062.363 0.578 0.007 0.001 0.108 0.034
2 338 -979311.719 0.568 0.006 0.001 0.108 0.033
2 340 -993877.501 0.541 0.007 0.001 0.108 0.047
2 342 -934177.587 0.588 0.007 0.001 0.108 0.041
2 344 -1013940.609 0.558 0.008 0.001 0.107 0.042
2 346 -972162.889 0.527 0.008 0.001 0.115 0.032
2 348 -958446.122 0.579 0.006 0.001 0.127 0.035
2 350 -961165.587 0.549 0.009 0.001 0.089 0.036
2 352 -972936.577 0.576 0.006 0.001 0.097 0.038
2 354 -961762.499 0.57 0.008 0.001 0.119 0.038
2 356 -956418.626 0.551 0.007 0.001 0.129 0.036
2 358 -953118.967 0.54 0.006 0.001 0.095 0.042
2 360 -966486.038 0.549 0.009 0.001 0.114 0.047
2 362 -955692.406 0.551 0.006 0.001 0.118 0.037
2 364 -969229.615 0.532 0.008 0.001 0.127 0.033
2 366 -944021.322 0.56 0.006 0.001 0.107 0.041
2 368 -976170.939 0.55 0.006 0.001 0.11 0.031
2 370 -956034.65 0.562 0.006 0.001 0.117 0.043
2 372 -968246.89 0.54 0.005 0.001 0.086 0.032
2 374 -978050.634 0.568 0.007 0.001 0.137 0.046
2 376 -977764.817 0.541 0.007 0.001 0.084 0.033
2 378 -964719.06 0.564 0.006 0.001 0.111 0.046
2 380 -983686.064 0.564 0.007 0.001 0.149 0.042
2 382 -963334.518 0.56 0.007 0.001 0.128 0.04
2 384 -968482.289 0.56 0.007 0.001 0.099 0.05
2 386 -968983.952 0.548 0.005 0.001 0.117 0.043
2 388 -972765.491 0.561 0.007 0.001 0.117 0.032
2 390 -968089.023 0.551 0.008 0.001 0.126 0.037
2 392 -972825.576 0.601 0.007 0.001 0.097 0.042
2 394 -986834.042 0.558 0.008 0.001 0.118 0.039
2 396 -982530.115 0.542 0.007 0.001 0.116 0.042
2 398 -976285.738 0.555 0.005 0.001 0.121 0.042
2 400 -963410.607 0.524 0.007 0.001 0.117 0.037
2 402 -993143.64 0.559 0.008 0.001 0.103 0.039
2 404 -976928.104 0.572 0.006 0.001 0.12 0.042
2 406 -950080.83 0.541 0.007 0.001 0.118 0.04
2 408 -957859.398 0.563 0.008 0.001 0.115 0.043
2 410 -975766.724 0.552 0.008 0.001 0.082 0.042
2 412 -954138.362 0.539 0.007 0.001 0.087 0.035
2 414 -972483.42 0.559 0.005 0.001 0.129 0.034
2 416 -954392.528 0.567 0.006 0.001 0.121 0.037
2 418 -957137.91 0.572 0.008 0.001 0.083 0.039
2 420 -915638.994 0.559 0.008 0.001 0.119 0.039
2 422 -928796.211 0.577 0.008 0.001 0.094 0.041
2 424 -969230.707 0.52 0.006 0.001 0.146 0.052
2 426 -971796.664 0.543 0.008 0.001 0.097 0.036
2 428 -965989.153 0.557 0.006 0.001 0.115 0.035
2 430 -929038.561 0.538 0.006 0.001 0.124 0.038
2 432 -973938.506 0.574 0.006 0.001 0.1 0.039
2 434 -937769.437 0.54 0.006 0.001 0.119 0.032
2 436 -956268.806 0.576 0.007 0.001 0.104 0.034
2 438 -945153.851 0.572 0.007 0.001 0.124 0.04
2 440 -956032.785 0.538 0.006 0.001 0.094 0.046
2 442 -943369.766 0.581 0.006 0.001 0.108 0.038
2 444 -941348.467 0.527 0.006 0.001 0.128 0.046
2 446 -935996.347 0.557 0.008 0.001 0.094 0.049
2 448 -959998.35 0.525 0.007 0.001 0.107 0.043
2 450 -960298.903 0.541 0.006 0.001 0.134 0.046
2 452 -950751.172 0.534 0.006 0.001 0.12 0.049
2 454 -942950.691 0.551 0.008 0.001 0.097 0.035
2 456 -960945.387 0.528 0.006 0.001 0.103 0.039
2 458 -974495.273 0.561 0.007 0.001 0.101 0.057
2 460 -939123.955 0.53 0.006 0.001 0.11 0.04
2 462 -937570.034 0.57 0.007 0.001 0.117 0.044
2 464 -939673.433 0.557 0.007 0.001 0.12 0.036
2 466 -951278.857 0.515 0.006 0.001 0.104 0.04
2 468 -978709.551 0.558 0.006 0.001 0.106 0.038
2 470 -931816.383 0.525 0.006 0.001 0.107 0.034
2 472 -930753.226 0.523 0.006 0.001 0.094 0.036
2 474 -941507.572 0.538 0.005 0.001 0.124 0.045
2 476 -936953.929 0.547 0.008 0.001 0.11 0.038
2 478 -915481.662 0.551 0.005 0.001 0.111 0.049
2 480 -947280.496 0.527 0.004 0.001 0.146 0.052
2 482 -939383.094 0.549 0.006 0.001 0.11 0.045
2 484 -956464.718 0.563 0.007 0.001 0.105 0.044
2 486 -935313.545 0.545 0.005 0.001 0.113 0.043
2 488 -957753.667 0.559 0.006 0.001 0.1 0.043
2 490 -971064.977 0.559 0.006 0.001 0.099 0.035
2 492 -959632.976 0.552 0.006 0.001 0.106 0.042
2 494 -925732.862 0.556 0.007 0.001 0.128 0.047
2 496 -957723.46 0.553 0.007 0.001 0.095 0.05
2 498 -957054.312 0.55 0.007 0.001 0.101 0.037
2 500 -972490.51 0.543 0.005 0.001 0.1 0.053
2 502 -968859.168 0.542 0.006 0.001 0.135 0.046
2 504 -946989.237 0.553 0.007 0.001 0.125 0.045
2 506 -963775.57 0.565 0.006 0.001 0.112 0.047
2 508 -943260.403 0.517 0.006 0.001 0.11 0.036
2 510 -944315.577 0.543 0.006 0.001 0.122 0.051
2 512 -974153.676 0.552 0.005 0.001 0.112 0.047
2 514 -945527.169 0.54 0.007 0.001 0.111 0.047
2 516 -970513.214 0.56 0.006 0.001 0.106 0.051
2 518 -937748.932 0.555 0.007 0.001 0.109 0.049
2 520 -975685.995 0.557 0.007 0.001 0.101 0.041
2 522 -991068.874 0.549 0.008 0.001 0.116 0.039
2 524 -951812.541 0.593 0.006 0.001 0.105 0.036
2 526 -920353.412 0.57 0.006 0.001 0.137 0.048
2 528 -972958.494 0.539 0.006 0.001 0.102 0.041
2 530 -940531.795 0.551 0.005 0.001 0.127 0.045
2 532 -944664.506 0.568 0.007 0.001 0.109 0.041
2 534 -969269.286 0.532 0.007 0.001 0.123 0.042
2 536 -960925.346 0.545 0.006 0.001 0.107 0.043
2 538 -974809.816 0.57 0.006 0.001 0.1 0.042
2 540 -978662.823 0.54 0.007 0.001 0.105 0.038
2 542 -1013520.827 0.54 0.006 0.001 0.106 0.039
2 544 -961829.872 0.565 0.007 0.001 0.09 0.042
2 546 -969575.88 0.564 0.006 0.001 0.095 0.054
2 548 -992892.297 0.571 0.006 0.001 0.111 0.052
2 550 -973484.404 0.546 0.007 0.001 0.107 0.033
2 552 -968510.315 0.566 0.008 0.001 0.109 0.041
2 554 -941577.739 0.562 0.005 0.001 0.104 0.044
2 556 -952224.372 0.559 0.006 0.001 0.126 0.039
2 558 -963741.465 0.545 0.005 0.001 0.105 0.047
2 560 -959778.914 0.536 0.005 0.001 0.117 0.043
2 562 -948652.499 0.549 0.004 0.001 0.121 0.043
2 564 -944015.755 0.535 0.006 0.001 0.109 0.033
2 566 -965754.512 0.559 0.006 0.001 0.097 0.046
2 568 -947728.733 0.556 0.005 0.001 0.136 0.052
2 570 -923674.737 0.551 0.006 0.001 0.145 0.04
2 572 -959804.638 0.541 0.006 0.001 0.104 0.049
2 574 -916293.851 0.545 0.006 0.001 0.108 0.043
2 576 -955410.287 0.59 0.008 0.001 0.119 0.034
2 578 -948070.365 0.545 0.005 0.001 0.125 0.037
2 580 -955273.404 0.54 0.005 0.001 0.135 0.04
2 582 -921027.785 0.541 0.006 0.001 0.117 0.037
2 584 -943941.999 0.548 0.006 0.001 0.11 0.049
2 586 -944785.939 0.578 0.006 0.001 0.097 0.043
2 588 -921804.842 0.541 0.006 0.001 0.126 0.04
2 590 -940406.797 0.561 0.006 0.001 0.102 0.052
2 592 -945123.718 0.556 0.006 0.001 0.116 0.047
2 594 -946824.944 0.554 0.006 0.001 0.121 0.041
2 596 -941403.981 0.538 0.006 0.001 0.133 0.041
2 598 -969832.986 0.539 0.006 0.001 0.105 0.044
2 600 -927205.968 0.54 0.006 0.001 0.129 0.044
2 602 -928242.225 0.554 0.006 0.001 0.102 0.05
2 604 -933613.597 0.578 0.005 0.001 0.123 0.042
2 606 -938083.34 0.545 0.006 0.001 0.126 0.041
2 608 -892592.137 0.534 0.005 0.001 0.13 0.045
2 610 -968837.483 0.553 0.005 0.001 0.092 0.041
2 612 -952601.89 0.557 0.005 0.001 0.116 0.047
2 614 -934465.901 0.538 0.005 0.001 0.122 0.043
2 616 -915013.892 0.566 0.005 0.001 0.12 0.038
2 618 -944123.363 0.536 0.005 0.001 0.106 0.053
2 620 -912550.879 0.549 0.009 0.001 0.101 0.042
2 622 -941823.265 0.535 0.005 0.001 0.097 0.045
2 624 -948792.042 0.548 0.005 0.001 0.163 0.042
2 626 -963531.251 0.582 0.007 0.001 0.105 0.051
2 628 -961497.612 0.559 0.007 0.001 0.132 0.036
2 630 -961459.977 0.551 0.006 0.001 0.125 0.043
2 632 -918010.931 0.533 0.007 0.001 0.126 0.038
2 634 -916019.882 0.541 0.004 0.001 0.137 0.036
2 636 -928888.579 0.552 0.006 0.001 0.11 0.041
2 638 -954712.434 0.548 0.006 0.001 0.116 0.05
2 640 -940030.636 0.537 0.006 0.001 0.115 0.048
2 642 -919934.42 0.545 0.005 0.001 0.095 0.039
2 644 -946034.048 0.534 0.005 0.001 0.121 0.041
2 646 -951672.548 0.552 0.006 0.001 0.121 0.045
2 648 -937304.428 0.546 0.006 0.001 0.1 0.037
2 650 -913297.273 0.551 0.005 0.001 0.101 0.048
2 652 -890222.605 0.556 0.006 0.001 0.115 0.051
2 654 -946289.561 0.553 0.006 0.001 0.102 0.039
2 656 -926722.021 0.556 0.006 0.001 0.103 0.05
2 658 -938626.378 0.538 0.006 0.001 0.108 0.044
2 660 -908097.957 0.53 0.005 0.001 0.103 0.054
2 662 -904772.353 0.537 0.005 0.001 0.141 0.047
2 664 -933726.452 0.541 0.007 0.001 0.103 0.05
2 666 -953488.143 0.57 0.005 0.001 0.131 0.046
2 668 -910653.051 0.548 0.006 0.001 0.131 0.039
2 670 -935970.084 0.548 0.005 0.001 0.108 0.052
2 672 -922540.43 0.562 0.005 0.001 0.087 0.044
2 674 -922433.622 0.553 0.005 0.001 0.129 0.054
2 676 -925210.667 0.55 0.006 0.001 0.141 0.048
2 678 -912545.84 0.542 0.005 0.001 0.119 0.051
2 680 -939208.689 0.578 0.006 0.001 0.126 0.043
2 682 -919365.851 0.542 0.005 0.001 0.124 0.036
2 684 -900784.863 0.531 0.005 0.001 0.111 0.052
2 686 -918026.64 0.541 0.006 0.001 0.114 0.053
2 688 -901515.594 0.549 0.005 0.001 0.114 0.04
2 690 -928685.396 0.549 0.005 0.001 0.165 0.049
2 692 -923158.692 0.53 0.006 0.001 0.122 0.046
2 694 -939094.164 0.558 0.005 0.001 0.146 0.038
2 696 -918242.151 0.549 0.006 0.001 0.114 0.056
2 698 -918349.121 0.551 0.004 0.001 0.097 0.044
2 700 -886502.844 0.519 0.006 0.001 0.109 0.045
2 702 -929514.342 0.559 0.004 0.001 0.108 0.045
2 704 -915389.021 0.523 0.006 0.001 0.137 0.046
2 706 -915604.575 0.563 0.006 0.001 0.116 0.042
2 708 -920403.327 0.522 0.005 0.001 0.103 0.04
2 710 -947708.183 0.559 0.005 0.001 0.119 0.037
2 712 -922563.401 0.52 0.006 0.001 0.109 0.059
2 714 -906944.006 0.563 0.007 0.001 0.11 0.041
2 716 -922064.022 0.554 0.006 0.001 0.094 0.056
2 718 -921642.364 0.549 0.005 0.001 0.115 0.038
2 720 -917320.841 0.546 0.005 0.001 0.108 0.069
2 722 -910405.45 0.547 0.004 0.001 0.133 0.038
2 724 -937032.514 0.536 0.006 0.001 0.11 0.052
2 726 -938876.088 0.53 0.006 0.001 0.147 0.052
2 728 -940696.979 0.525 0.005 0.001 0.109 0.044
2 730 -903494.532 0.55 0.005 0.001 0.107 0.041
2 732 -901414.82 0.519 0.006 0.001 0.147 0.041
2 734 -903773.67 0.531 0.005 0.001 0.111 0.047
2 736 -920332.822 0.552 0.005 0.001 0.15 0.041
2 738 -943786.082 0.548 0.006 0.001 0.114 0.043
2 740 -898738.281 0.535 0.005 0.001 0.112 0.049
2 742 -927964.79 0.517 0.004 0.001 0.109 0.04
2 744 -914872.186 0.552 0.005 0.001 0.093 0.054
2 746 -892498.931 0.549 0.005 0.001 0.103 0.044
2 748 -894728.849 0.545 0.006 0.001 0.099 0.066
2 750 -938640.837 0.534 0.005 0.001 0.135 0.046
2 752 -921591.156 0.557 0.005 0.001 0.097 0.049
2 754 -890993.701 0.541 0.005 0.001 0.119 0.042
2 756 -910161.566 0.533 0.006 0.001 0.113 0.049
2 758 -923669.686 0.549 0.004 0.001 0.131 0.05
2 760 -914833.818 0.559 0.005 0.001 0.101 0.051
2 762 -916725.657 0.543 0.005 0.001 0.118 0.045
2 764 -893657.964 0.539 0.004 0.001 0.1 0.052
2 766 -905741.703 0.529 0.005 0.001 0.112 0.055
2 768 -910439.037 0.535 0.005 0.001 0.111 0.046
2 770 -921443.371 0.518 0.005 0.001 0.121 0.064
2 772 -901849.559 0.547 0.005 0.001 0.119 0.056
2 774 -914569.044 0.567 0.006 0.001 0.11 0.051
2 776 -911594.546 0.537 0.004 0.001 0.102 0.043
2 778 -901309.726 0.524 0.005 0.001 0.107 0.049
2 780 -900730.117 0.547 0.005 0.001 0.098 0.04
2 782 -894298.175 0.511 0.005 0.001 0.123 0.043
2 784 -924378.126 0.551 0.005 0.001 0.112 0.051
2 786 -923059.333 0.55 0.005 0.001 0.11 0.045
2 788 -916254.13 0.545 0.004 0.001 0.108 0.043
2 790 -928184.449 0.548 0.004 0.001 0.111 0.044
2 792 -900740.414 0.54 0.006 0.001 0.102 0.048
2 794 -903106.802 0.541 0.006 0.001 0.114 0.036
2 796 -932333.412 0.53 0.005 0.001 0.104 0.046
2 798 -912393.668 0.531 0.005 0.001 0.096 0.051
2 800 -898447.119 0.554 0.005 0.001 0.096 0.047
2 802 -914338.734 0.544 0.006 0.001 0.106 0.047
2 804 -912234.37 0.553 0.005 0.001 0.102 0.055
2 806 -909336.197 0.539 0.005 0.001 0.139 0.04
2 808 -923973.707 0.537 0.005 0.001 0.119 0.043
2 810 -903530.373 0.522 0.005 0.001 0.103 0.044
2 812 -918864.198 0.553 0.005 0.001 0.112 0.038
2 814 -911872.825 0.529 0.004 0.001 0.095 0.04
2 816 -928825.674 0.548 0.004 0.001 0.111 0.053
2 818 -921569.969 0.53 0.004 0.001 0.113 0.044
2 820 -925268.009 0.535 0.006 0.001 0.15 0.046
2 822 -911999.657 0.549 0.006 0.001 0.117 0.051
2 824 -927582.214 0.524 0.005 0.001 0.128 0.043
2 826 -919943.782 0.531 0.005 0.001 0.107 0.058
2 828 -902741.417 0.56 0.005 0.001 0.117 0.044
2 830 -875739.671 0.551 0.005 0.001 0.141 0.046
2 832 -915507.772 0.53 0.006 0.001 0.113 0.061
2 834 -889689.284 0.514 0.004 0.001 0.098 0.038
2 836 -903925.644 0.534 0.004 0.001 0.138 0.045
2 838 -880886.382 0.538 0.004 0.001 0.106 0.07
2 840 -920173.388 0.535 0.004 0.001 0.144 0.044
2 842 -886300.608 0.524 0.007 0.001 0.119 0.043
2 844 -898684.955 0.549 0.005 0.001 0.119 0.045
2 846 -887362.026 0.541 0.004 0.001 0.128 0.057
2 848 -886614.913 0.533 0.005 0.001 0.115 0.057
2 850 -893936.668 0.544 0.006 0.001 0.106 0.054
2 852 -883019.257 0.546 0.004 0.001 0.12 0.051
2 854 -897321.181 0.543 0.004 0.001 0.119 0.058
2 856 -908097.731 0.552 0.005 0.001 0.114 0.044
2 858 -904831.157 0.527 0.005 0.001 0.132 0.044
2 860 -892890.88 0.537 0.005 0.001 0.126 0.038
2 862 -898033.864 0.529 0.005 0.001 0.113 0.046
2 864 -901505.818 0.549 0.004 0.001 0.105 0.043
2 866 -895788.409 0.552 0.005 0.001 0.113 0.052
2 868 -882266.106 0.51 0.004 0.001 0.146 0.062
2 870 -896689.514 0.524 0.005 0.001 0.113 0.048
2 872 -909432.707 0.557 0.005 0.001 0.117 0.063
2 874 -867438.739 0.538 0.005 0.001 0.101 0.051
2 876 -894924.948 0.539 0.004 0.001 0.117 0.042
2 878 -896941.086 0.535 0.005 0.001 0.121 0.05
2 880 -923164.032 0.537 0.004 0.001 0.123 0.055
2 882 -907067.423 0.539 0.005 0.001 0.117 0.044
2 884 -882475.886 0.525 0.005 0.001 0.106 0.046
2 886 -899158.925 0.553 0.006 0.001 0.094 0.044
2 888 -888680.011 0.533 0.004 0.001 0.101 0.051
2 890 -898959.627 0.538 0.006 0.001 0.126 0.048
2 892 -901026.643 0.554 0.004 0.001 0.173 0.046
2 894 -891510.768 0.542 0.005 0.001 0.133 0.044
2 896 -910606.48 0.536 0.004 0.001 0.091 0.042
2 898 -906580.873 0.532 0.006 0.001 0.119 0.043
2 900 -904831.925 0.526 0.005 0.001 0.134 0.053
2 902 -884449.654 0.552 0.005 0.001 0.141 0.042
2 904 -906772.288 0.527 0.005 0.001 0.129 0.059
2 906 -910669.044 0.547 0.004 0.001 0.138 0.046
2 908 -920875.969 0.552 0.005 0.001 0.129 0.05
2 910 -883154.232 0.541 0.005 0.001 0.113 0.045
2 912 -890586.835 0.546 0.006 0.001 0.159 0.045
2 914 -909417.826 0.548 0.005 0.001 0.087 0.047
2 916 -899493.445 0.539 0.004 0.001 0.128 0.062
2 918 -902203.603 0.552 0.005 0.001 0.127 0.044
2 920 -892480.008 0.531 0.004 0.001 0.112 0.059
2 922 -886825.537 0.544 0.005 0.001 0.121 0.046
2 924 -890957.014 0.534 0.006 0.001 0.087 0.047
2 926 -910789.205 0.525 0.004 0.001 0.122 0.052
2 928 -900902.498 0.525 0.005 0.001 0.111 0.05
2 930 -884753.343 0.526 0.005 0.001 0.118 0.049
2 932 -883793.031 0.544 0.005 0.001 0.123 0.046
2 934 -880033.605 0.533 0.004 0.001 0.125 0.058
2 936 -890204.305 0.535 0.005 0.001 0.119 0.057
2 938 -905939.616 0.525 0.005 0.001 0.11 0.056
2 940 -903225.181 0.542 0.005 0.001 0.138 0.067
2 942 -894037.272 0.546 0.005 0.001 0.128 0.057
2 944 -912049.509 0.53 0.006 0.001 0.123 0.046
2 946 -856472.741 0.544 0.005 0.001 0.103 0.059
2 948 -888367.155 0.529 0.004 0.001 0.111 0.049
2 950 -891278.821 0.541 0.005 0.001 0.121 0.046
2 952 -865320.236 0.533 0.004 0.001 0.136 0.058
2 954 -891063.443 0.523 0.005 0.001 0.11 0.049
2 956 -884453.722 0.541 0.004 0.001 0.149 0.048
2 958 -876233.143 0.531 0.004 0.001 0.124 0.063
2 960 -883158.154 0.525 0.003 0.001 0.171 0.057
2 962 -869859.486 0.547 0.004 0.001 0.12 0.065
2 964 -852011.169 0.534 0.004 0.001 0.127 0.049
2 966 -906914.602 0.531 0.004 0.001 0.117 0.054
2 968 -850536.855 0.518 0.004 0.001 0.103 0.053
2 970 -856169.871 0.521 0.004 0.001 0.099 0.055
2 972 -889345.529 0.529 0.004 0.001 0.132 0.049
2 974 -862880.79 0.554 0.004 0.001 0.138 0.059
2 976 -874304.995 0.536 0.004 0.001 0.106 0.069
2 978 -844840.067 0.525 0.004 0.001 0.133 0.055
2 980 -864358.886 0.529 0.005 0.001 0.115 0.065
2 982 -860674.357 0.524 0.005 0.001 0.107 0.06
2 984 -860608.205 0.512 0.005 0.001 0.162 0.072
2 986 -882537.562 0.535 0.004 0.001 0.116 0.059
2 988 -874272.875 0.52 0.004 0.001 0.117 0.061
2 990 -859131.932 0.531 0.005 0.001 0.111 0.057
2 992 -875403.404 0.535 0.004 0.001 0.125 0.052
2 994 -890577.1 0.54 0.004 0.001 0.131 0.052
2 996 -914527.474 0.505 0.004 0.001 0.116 0.041
2 998 -870440.699 0.515 0.005 0.001 0.11 0.046
2 1000 -892083.094 0.534 0.003 0.001 0.12 0.059
2 1002 -871811.295 0.531 0.006 0.001 0.119 0.047
2 1004 -915020.435 0.538 0.005 0.001 0.127 0.048
2 1006 -901257.829 0.521 0.005 0.001 0.107 0.054
2 1008 -867502.281 0.548 0.005 0.001 0.114 0.059
2 1010 -878407.702 0.561 0.004 0.001 0.115 0.063
2 1012 -870775.409 0.546 0.004 0.001 0.12 0.07
2 1014 -870342.282 0.54 0.004 0.001 0.112 0.052
2 1016 -884878.119 0.541 0.004 0.001 0.131 0.056
2 1018 -892002.65 0.534 0.006 0.001 0.111 0.051
2 1020 -895604.351 0.539 0.005 0.001 0.124 0.058
2 1022 -885908.661 0.518 0.005 0.001 0.126 0.053
2 1024 -877623.954 0.54 0.004 0.001 0.131 0.041
2 1026 -886888.28 0.537 0.004 0.001 0.117 0.054
2 1028 -891476.374 0.533 0.004 0.001 0.129 0.063
2 1030 -889501.252 0.532 0.004 0.001 0.109 0.054
2 1032 -860538.725 0.529 0.004 0.001 0.123 0.045
2 1034 -893807.521 0.54 0.006 0.001 0.112 0.049
2 1036 -890466.677 0.548 0.004 0.001 0.128 0.058
2 1038 -892163.05 0.549 0.005 0.001 0.1 0.053
2 1040 -889787.924 0.531 0.004 0.001 0.112 0.049
2 1042 -902502.366 0.536 0.004 0.001 0.139 0.059
2 1044 -919217.774 0.55 0.006 0.001 0.108 0.06
2 1046 -877014.482 0.545 0.005 0.001 0.113 0.052
2 1048 -891218.344 0.536 0.004 0.001 0.146 0.048
2 1050 -896957.211 0.508 0.006 0.001 0.126 0.057
2 1052 -896482.522 0.544 0.005 0.001 0.101 0.061
2 1054 -888321.942 0.513 0.005 0.001 0.134 0.054
2 1056 -880315.098 0.535 0.004 0.001 0.115 0.056
2 1058 -862034.676 0.53 0.004 0.001 0.104 0.051
2 1060 -877163.186 0.531 0.004 0.001 0.128 0.051
2 1062 -896086.85 0.517 0.004 0.001 0.11 0.049
2 1064 -856114.466 0.55 0.005 0.001 0.112 0.045
2 1066 -872908.122 0.511 0.004 0.001 0.147 0.057
2 1068 -871868.201 0.566 0.004 0.001 0.102 0.049
2 1070 -855513.953 0.51 0.005 0.001 0.158 0.056
2 1072 -862518.388 0.545 0.006 0.001 0.114 0.052
2 1074 -868134.032 0.533 0.005 0.001 0.114 0.055
2 1076 -848154.827 0.539 0.004 0.001 0.115 0.052
2 1078 -873385.953 0.514 0.005 0.001 0.104 0.049
2 1080 -862889.573 0.533 0.004 0.001 0.098 0.058
2 1082 -890604.99 0.532 0.005 0.001 0.115 0.06
2 1084 -885542.469 0.532 0.005 0.001 0.136 0.044
2 1086 -855431.585 0.523 0.004 0.001 0.11 0.044
2 1088 -904006.024 0.547 0.004 0.001 0.102 0.056
2 1090 -855284.718 0.513 0.004 0.001 0.103 0.049
2 1092 -871447.529 0.548 0.005 0.001 0.106 0.059
2 1094 -892510.092 0.546 0.004 0.001 0.114 0.055
2 1096 -862787.187 0.533 0.004 0.001 0.108 0.053
2 1098 -881858.355 0.523 0.004 0.001 0.13 0.051
2 1100 -872464.902 0.557 0.004 0.001 0.153 0.05
2 1102 -887839.818 0.525 0.004 0.001 0.101 0.06
2 1104 -895938.918 0.562 0.005 0.001 0.107 0.052
2 1106 -897615.021 0.538 0.005 0.001 0.135 0.046
2 1108 -903921.744 0.547 0.004 0.001 0.11 0.046
2 1110 -900349.212 0.527 0.006 0.001 0.123 0.066
2 1112 -890553.015 0.541 0.005 0.001 0.118 0.061
2 1114 -889923.092 0.539 0.004 0.001 0.134 0.049
2 1116 -917664.11 0.532 0.004 0.001 0.107 0.05
2 1118 -869796.4 0.536 0.004 0.001 0.109 0.047
2 1120 -873405.954 0.554 0.005 0.001 0.107 0.046
2 1122 -894928.674 0.553 0.005 0.001 0.119 0.051
2 1124 -909869.899 0.528 0.006 0.001 0.152 0.051
2 1126 -897838.57 0.563 0.003 0.001 0.11 0.055
2 1128 -899655.939 0.547 0.005 0.001 0.106 0.052
2 1130 -869276.366 0.521 0.004 0.001 0.111 0.051
2 1132 -906121.048 0.525 0.005 0.001 0.149 0.046
2 1134 -893528.732 0.553 0.005 0.001 0.128 0.045
2 1136 -862902.985 0.555 0.005 0.001 0.122 0.05
2 1138 -890758.795 0.541 0.004 0.001 0.111 0.063
2 1140 -887062.212 0.526 0.004 0.001 0.128 0.054
2 1142 -886850.644 0.546 0.004 0.001 0.154 0.059
2 1144 -879321.078 0.535 0.003 0.001 0.141 0.063
2 1146 -849656.677 0.542 0.006 0.001 0.144 0.06
2 1148 -871077.27 0.538 0.005 0.001 0.119 0.064
2 1150 -885803.027 0.541 0.004 0.001 0.112 0.045
2 1152 -889452.056 0.564 0.004 0.001 0.115 0.064
2 1154 -908851.252 0.548 0.004 0.001 0.105 0.045
2 1156 -879062.271 0.547 0.005 0.001 0.125 0.059
2 1158 -890156.591 0.537 0.005 0.001 0.109 0.049
2 1160 -879050.422 0.541 0.004 0.001 0.108 0.062
2 1162 -893094.541 0.528 0.005 0.001 0.116 0.052
2 1164 -879733.34 0.523 0.004 0.001 0.108 0.053
2 1166 -888328.76 0.531 0.006 0.001 0.097 0.046
2 1168 -879741.75 0.535 0.005 0.001 0.133 0.045
2 1170 -872188.73 0.53 0.004 0.001 0.135 0.077
2 1172 -902376.004 0.537 0.005 0.001 0.096 0.048
2 1174 -880681.298 0.54 0.005 0.001 0.096 0.045
2 1176 -876302.832 0.533 0.004 0.001 0.106 0.047
2 1178 -909098.161 0.529 0.004 0.001 0.112 0.048
2 1180 -909223.433 0.56 0.004 0.001 0.147 0.06
2 1182 -894873.287 0.549 0.004 0.001 0.117 0.065
2 1184 -886940.89 0.536 0.004 0.001 0.097 0.07
2 1186 -868397.719 0.537 0.004 0.001 0.137 0.053
2 1188 -890779.78 0.528 0.005 0.001 0.128 0.053
2 1190 -927146.341 0.557 0.004 0.001 0.137 0.054
2 1192 -880542.543 0.544 0.005 0.001 0.104 0.05
2 1194 -908495.177 0.528 0.004 0.001 0.138 0.06
2 1196 -892095.55 0.543 0.004 0.001 0.122 0.049
2 1198 -890787.742 0.522 0.004 0.001 0.121 0.048
2 1200 -890492.175 0.517 0.005 0.001 0.118 0.059
2 1202 -881027.565 0.523 0.004 0.001 0.138 0.053
2 1204 -874443.01 0.538 0.005 0.001 0.127 0.064
2 1206 -889346.977 0.517 0.004 0.001 0.088 0.053
2 1208 -890326.011 0.526 0.004 0.001 0.112 0.047
2 1210 -894978.166 0.533 0.004 0.001 0.113 0.059
2 1212 -866660.288 0.527 0.005 0.001 0.114 0.055
2 1214 -896421.69 0.541 0.004 0.001 0.119 0.058
2 1216 -888516.307 0.527 0.005 0.001 0.11 0.051
2 1218 -905296.984 0.533 0.005 0.001 0.147 0.056
2 1220 -886734.765 0.559 0.005 0.001 0.106 0.059
2 1222 -910431.692 0.515 0.005 0.001 0.133 0.048
2 1224 -902878.438 0.54 0.006 0.001 0.144 0.038
2 1226 -867205.714 0.534 0.004 0.001 0.099 0.044
2 1228 -912525.689 0.536 0.006 0.001 0.141 0.062
2 1230 -860806.163 0.525 0.005 0.001 0.098 0.066
2 1232 -869581.279 0.542 0.005 0.001 0.113 0.05
2 1234 -883409.816 0.538 0.005 0.001 0.141 0.054
2 1236 -870680.771 0.527 0.005 0.001 0.112 0.057
2 1238 -905239.745 0.526 0.004 0.001 0.113 0.051
2 1240 -880444.854 0.531 0.005 0.001 0.102 0.062
2 1242 -897406 0.529 0.004 0.001 0.126 0.048
2 1244 -881605.819 0.542 0.004 0.001 0.128 0.06
2 1246 -903313.358 0.531 0.004 0.001 0.11 0.052
2 1248 -904832.938 0.545 0.005 0.001 0.097 0.054
2 1250 -881708.198 0.533 0.004 0.001 0.115 0.053
2 1252 -894925.511 0.535 0.004 0.001 0.101 0.065
2 1254 -905504.129 0.534 0.004 0.001 0.126 0.051
2 1256 -889583.522 0.535 0.004 0.001 0.098 0.059
2 1258 -873500.535 0.54 0.004 0.001 0.147 0.05
2 1260 -893795.507 0.532 0.004 0.001 0.129 0.055
2 1262 -880034.463 0.527 0.005 0.001 0.128 0.062
2 1264 -865962.547 0.563 0.004 0.001 0.129 0.052
2 1266 -879883.498 0.552 0.005 0.001 0.127 0.061
2 1268 -882205.396 0.538 0.006 0.001 0.123 0.052
2 1270 -890552.896 0.523 0.004 0.001 0.108 0.055
2 1272 -876195.168 0.547 0.005 0.001 0.113 0.063
2 1274 -885338.821 0.554 0.005 0.001 0.105 0.062
2 1276 -868849.269 0.537 0.005 0.001 0.116 0.058
2 1278 -867962.309 0.539 0.005 0.001 0.106 0.052
2 1280 -887685.341 0.539 0.005 0.001 0.132 0.05
2 1282 -860413.422 0.528 0.004 0.001 0.119 0.053
2 1284 -843649.414 0.509 0.004 0.001 0.173 0.047
2 1286 -862804.487 0.53 0.004 0.001 0.11 0.058
2 1288 -908542.215 0.512 0.005 0.001 0.108 0.051
2 1290 -890304.623 0.514 0.004 0.001 0.123 0.05
2 1292 -870358.725 0.522 0.005 0.001 0.114 0.06
2 1294 -905161.208 0.54 0.004 0.001 0.094 0.044
2 1296 -884806.382 0.542 0.004 0.001 0.139 0.06
2 1298 -880610.341 0.509 0.005 0.001 0.109 0.064
2 1300 -886051.377 0.522 0.004 0.001 0.112 0.051
2 1302 -857144.906 0.542 0.004 0.001 0.117 0.072
2 1304 -895846.676 0.543 0.004 0.001 0.142 0.051
2 1306 -846856.37 0.534 0.005 0.001 0.099 0.066
2 1308 -849092.215 0.536 0.003 0.001 0.12 0.05
2 1310 -868955.686 0.554 0.004 0.001 0.147 0.057
2 1312 -857054.851 0.546 0.004 0.001 0.148 0.051
2 1314 -883440.244 0.535 0.004 0.001 0.114 0.056
2 1316 -898315.648 0.526 0.004 0.001 0.123 0.046
2 1318 -895043.642 0.52 0.004 0.001 0.107 0.047
2 1320 -875971.89 0.546 0.004 0.001 0.126 0.052
2 1322 -866515.029 0.53 0.005 0.001 0.149 0.076
2 1324 -879489.443 0.531 0.004 0.001 0.109 0.051
2 1326 -862268.812 0.539 0.004 0.001 0.127 0.045
2 1328 -889994.346 0.55 0.005 0.001 0.13 0.063
2 1330 -873340.111 0.546 0.004 0.001 0.108 0.052
2 1332 -870019.197 0.515 0.005 0.001 0.104 0.047
2 1334 -882533.716 0.519 0.005 0.001 0.136 0.048
2 1336 -894630.313 0.542 0.005 0.001 0.116 0.064
2 1338 -850643.85 0.516 0.005 0.001 0.128 0.048
2 1340 -859363.235 0.538 0.005 0.001 0.132 0.06
2 1342 -875332.954 0.536 0.004 0.001 0.105 0.062
2 1344 -886466.913 0.539 0.004 0.001 0.115 0.057
2 1346 -845241.259 0.541 0.005 0.001 0.126 0.064
2 1348 -889336.191 0.536 0.005 0.001 0.114 0.055
2 1350 -886270.147 0.548 0.005 0.001 0.097 0.057
2 1352 -905968.457 0.543 0.004 0.001 0.136 0.052
2 1354 -882481.636 0.562 0.006 0.001 0.135 0.048
2 1356 -856424.224 0.525 0.004 0.001 0.134 0.062
2 1358 -896279.603 0.534 0.003 0.001 0.095 0.05
2 1360 -867589.232 0.541 0.005 0.001 0.128 0.061
2 1362 -877216.44 0.549 0.004 0.001 0.103 0.055
2 1364 -900323.499 0.531 0.004 0.001 0.09 0.054
2 1366 -893655.83 0.515 0.004 0.001 0.128 0.052
2 1368 -857956.408 0.538 0.004 0.001 0.119 0.054
2 1370 -878451.588 0.534 0.005 0.001 0.111 0.055
2 1372 -896747.131 0.557 0.004 0.001 0.089 0.055
2 1374 -913811.491 0.507 0.004 0.001 0.107 0.052
2 1376 -860657.08 0.54 0.004 0.001 0.087 0.048
2 1378 -897461.946 0.527 0.004 0.001 0.122 0.053
2 1380 -879642.395 0.545 0.004 0.001 0.128 0.039
2 1382 -859114.293 0.534 0.004 0.001 0.132 0.047
2 1384 -911076.381 0.538 0.004 0.001 0.104 0.054
2 1386 -906334.685 0.53 0.005 0.001 0.122 0.045
2 1388 -885628.081 0.572 0.005 0.001 0.122 0.049
2 1390 -879194.841 0.545 0.003 0.001 0.105 0.051
2 1392 -881155.432 0.541 0.005 0.001 0.121 0.06
2 1394 -898003.778 0.535 0.005 0.001 0.097 0.047
2 1396 -874736.605 0.544 0.004 0.001 0.136 0.047
2 1398 -889698.747 0.524 0.005 0.001 0.106 0.073
2 1400 -887894.119 0.564 0.004 0.001 0.107 0.056
2 1402 -901818.034 0.549 0.005 0.001 0.103 0.047
2 1404 -870766.913 0.531 0.005 0.001 0.127 0.069
2 1406 -915378.592 0.549 0.005 0.001 0.131 0.041
2 1408 -914325.103 0.543 0.005 0.001 0.1 0.038
2 1410 -925024.963 0.563 0.005 0.001 0.136 0.04
2 1412 -942781.183 0.539 0.005 0.001 0.117 0.051
2 1414 -904575.774 0.541 0.006 0.001 0.114 0.05
2 1416 -880495.96 0.544 0.004 0.001 0.11 0.048
2 1418 -887146.466 0.542 0.006 0.001 0.112 0.061
2 1420 -906025.233 0.538 0.005 0.001 0.141 0.044
2 1422 -933440.638 0.536 0.006 0.001 0.09 0.049
2 1424 -881563.558 0.548 0.005 0.001 0.131 0.059
2 1426 -865270.854 0.524 0.005 0.001 0.132 0.048
2 1428 -897394.918 0.541 0.005 0.001 0.123 0.053
2 1430 -864791.517 0.547 0.006 0.001 0.121 0.057
2 1432 -903460.05 0.557 0.005 0.001 0.099 0.041
2 1434 -900359.763 0.55 0.005 0.001 0.112 0.043
2 1436 -913888.743 0.54 0.005 0.001 0.113 0.048
2 1438 -886298.877 0.526 0.005 0.001 0.147 0.062
2 1440 -924235.977 0.551 0.005 0.001 0.123 0.05
2 1442 -891447.308 0.55 0.006 0.001 0.15 0.055
2 1444 -914848.797 0.557 0.004 0.001 0.113 0.046
2 1446 -905752.139 0.552 0.005 0.001 0.113 0.046
2 1448 -928950.364 0.53 0.005 0.001 0.106 0.043
2 1450 -904686.058 0.531 0.005 0.001 0.095 0.049
2 1452 -907856.529 0.531 0.005 0.001 0.106 0.056
2 1454 -886987.44 0.52 0.005 0.001 0.127 0.045
2 1456 -876926.33 0.545 0.005 0.001 0.149 0.047
2 1458 -906353.829 0.536 0.004 0.001 0.136 0.047
2 1460 -884358.531 0.547 0.004 0.001 0.11 0.038
2 1462 -904454.031 0.516 0.006 0.001 0.098 0.051
2 1464 -909739.739 0.542 0.005 0.001 0.098 0.048
2 1466 -906897.327 0.536 0.005 0.001 0.133 0.044
2 1468 -932536.427 0.534 0.006 0.001 0.114 0.054
2 1470 -882850.897 0.548 0.005 0.001 0.093 0.044
